,SOCode
5043,"gravity text textSize textColor private void processAndroidAttributes(final Context context, final AttributeSet attrs) {
    ATTRS = new Integer[] {
               android.R.attr.textSize, android.R.attr.text,
               android.R.attr.textColor, android.R.attr.gravity };
    Arrays.sort(ATTRS);
    do {
        printPermutation(ATTRS);
        tryApplyingStyles(context, attrs, ATTRS);
        ATTRS = nextPermutation(ATTRS);
    } while ((ATTRS = nextPermutation(ATTRS)) != null);
}
 processAndroidAttributes ATTRS 1 0 [16842901,16842904,16842927,16843087]
1111
[16842901,16842904,16843087,16842927]
1110
[16842901,16842927,16842904,16843087]
1101
[16842901,16842927,16843087,16842904]
1101
[16842901,16843087,16842904,16842927]
1100
[16842901,16843087,16842927,16842904]
1100
[16842904,16842901,16842927,16843087]
1011
[16842904,16842901,16843087,16842927]
1010
[16842904,16842927,16842901,16843087]
1011
[16842904,16842927,16843087,16842901]
1011
[16842904,16843087,16842901,16842927]
1010
[16842904,16843087,16842927,16842901]
1010
[16842927,16842901,16842904,16843087]
1001
[16842927,16842901,16843087,16842904]
1001
[16842927,16842904,16842901,16843087]
1001
[16842927,16842904,16843087,16842901]
1001
[16842927,16843087,16842901,16842904]
1001
[16842927,16843087,16842904,16842901]
1001
[16843087,16842901,16842904,16842927]
1000
[16843087,16842901,16842927,16842904]
1000
[16843087,16842904,16842901,16842927]
1000
[16843087,16842904,16842927,16842901]
1000
[16843087,16842927,16842901,16842904]
1000
[16843087,16842927,16842904,16842901]
1000
 obtainStyledAttributes "
